    "" #dummy for indexing
    "" #dummy for indexing
"1.0000 0.0000 0.0000 0.0000 1.0000 0.0000 0.0000 0.0000 1.0000"  # Identity
"1.0000 0.0000 0.0000 0.0000 0.5000 -0.8660 0.0000 0.8660 0.5000"  # Single-axis rotation X 60°
"1.0000 0.0000 0.0000 0.0000 -0.5000 -0.8660 0.0000 0.8660 -0.5000"  # Single-axis rotation X 120°
"1.0000 0.0000 0.0000 0.0000 -1.0000 -0.0000 0.0000 0.0000 -1.0000"  # Single-axis rotation X 180°
"1.0000 0.0000 0.0000 0.0000 0.5000 0.8660 0.0000 -0.8660 0.5000"  # Single-axis rotation X -60°
"1.0000 0.0000 0.0000 0.0000 -0.5000 0.8660 0.0000 -0.8660 -0.5000"  # Single-axis rotation X -120°
"0.5000 0.0000 0.8660 0.0000 1.0000 0.0000 -0.8660 0.0000 0.5000"  # Single-axis rotation Y 60°
"-0.5000 0.0000 0.8660 0.0000 1.0000 0.0000 -0.8660 0.0000 -0.5000"  # Single-axis rotation Y 120°
"-1.0000 0.0000 0.0000 0.0000 1.0000 0.0000 -0.0000 0.0000 -1.0000"  # Single-axis rotation Y 180°
"0.5000 0.0000 -0.8660 0.0000 1.0000 0.0000 0.8660 0.0000 0.5000"  # Single-axis rotation Y -60°
"-0.5000 0.0000 -0.8660 0.0000 1.0000 0.0000 0.8660 0.0000 -0.5000"  # Single-axis rotation Y -120°
"0.5000 -0.8660 0.0000 0.8660 0.5000 0.0000 0.0000 0.0000 1.0000"  # Single-axis rotation Z 60°
"-0.5000 -0.8660 0.0000 0.8660 -0.5000 0.0000 0.0000 0.0000 1.0000"  # Single-axis rotation Z 120°
"-1.0000 -0.0000 0.0000 0.0000 -1.0000 0.0000 0.0000 0.0000 1.0000"  # Single-axis rotation Z 180°
"0.5000 0.8660 0.0000 -0.8660 0.5000 0.0000 0.0000 0.0000 1.0000"  # Single-axis rotation Z -60°
"-0.5000 0.8660 0.0000 -0.8660 -0.5000 0.0000 0.0000 0.0000 1.0000"  # Single-axis rotation Z -120°
"0.5000 0.7500 0.4330 0.0000 0.5000 -0.8660 -0.8660 0.4330 0.2500"  # Sequential rotation X 60°, then Y 60°
"-0.5000 0.7500 0.4330 0.0000 0.5000 -0.8660 -0.8660 -0.4330 -0.2500"  # Sequential rotation X 60°, then Y 120°
"-1.0000 0.0000 0.0000 0.0000 0.5000 -0.8660 -0.0000 -0.8660 -0.5000"  # Sequential rotation X 60°, then Y 180°
"0.5000 -0.7500 -0.4330 0.0000 0.5000 -0.8660 0.8660 0.4330 0.2500"  # Sequential rotation X 60°, then Y -60°
"-0.5000 -0.7500 -0.4330 0.0000 0.5000 -0.8660 0.8660 -0.4330 -0.2500"  # Sequential rotation X 60°, then Y -120°
"0.5000 0.7500 -0.4330 0.0000 -0.5000 -0.8660 -0.8660 0.4330 -0.2500"  # Sequential rotation X 120°, then Y 60°
"-0.5000 0.7500 -0.4330 0.0000 -0.5000 -0.8660 -0.8660 -0.4330 0.2500"  # Sequential rotation X 120°, then Y 120°
"-1.0000 0.0000 -0.0000 0.0000 -0.5000 -0.8660 -0.0000 -0.8660 0.5000"  # Sequential rotation X 120°, then Y 180°
"0.5000 -0.7500 0.4330 0.0000 -0.5000 -0.8660 0.8660 0.4330 -0.2500"  # Sequential rotation X 120°, then Y -60°
"-0.5000 -0.7500 0.4330 0.0000 -0.5000 -0.8660 0.8660 -0.4330 0.2500"  # Sequential rotation X 120°, then Y -120°
"0.5000 0.0000 -0.8660 0.0000 -1.0000 -0.0000 -0.8660 0.0000 -0.5000"  # Sequential rotation X 180°, then Y 60°
"-0.5000 0.0000 -0.8660 0.0000 -1.0000 -0.0000 -0.8660 -0.0000 0.5000"  # Sequential rotation X 180°, then Y 120°
"-1.0000 0.0000 -0.0000 0.0000 -1.0000 -0.0000 -0.0000 -0.0000 1.0000"  # Sequential rotation X 180°, then Y 180°
"0.5000 -0.0000 0.8660 0.0000 -1.0000 -0.0000 0.8660 0.0000 -0.5000"  # Sequential rotation X 180°, then Y -60°
"-0.5000 -0.0000 0.8660 0.0000 -1.0000 -0.0000 0.8660 -0.0000 0.5000"  # Sequential rotation X 180°, then Y -120°
"0.5000 -0.7500 0.4330 0.0000 0.5000 0.8660 -0.8660 -0.4330 0.2500"  # Sequential rotation X -60°, then Y 60°
"-0.5000 -0.7500 0.4330 0.0000 0.5000 0.8660 -0.8660 0.4330 -0.2500"  # Sequential rotation X -60°, then Y 120°
"-1.0000 -0.0000 0.0000 0.0000 0.5000 0.8660 -0.0000 0.8660 -0.5000"  # Sequential rotation X -60°, then Y 180°
"0.5000 0.7500 -0.4330 0.0000 0.5000 0.8660 0.8660 -0.4330 0.2500"  # Sequential rotation X -60°, then Y -60°
"-0.5000 0.7500 -0.4330 0.0000 0.5000 0.8660 0.8660 0.4330 -0.2500"  # Sequential rotation X -60°, then Y -120°
"0.5000 -0.7500 -0.4330 0.0000 -0.5000 0.8660 -0.8660 -0.4330 -0.2500"  # Sequential rotation X -120°, then Y 60°
"-0.5000 -0.7500 -0.4330 0.0000 -0.5000 0.8660 -0.8660 0.4330 0.2500"  # Sequential rotation X -120°, then Y 120°
"-1.0000 -0.0000 -0.0000 0.0000 -0.5000 0.8660 -0.0000 0.8660 0.5000"  # Sequential rotation X -120°, then Y 180°
"0.5000 0.7500 0.4330 0.0000 -0.5000 0.8660 0.8660 -0.4330 -0.2500"  # Sequential rotation X -120°, then Y -60°
"-0.5000 0.7500 0.4330 0.0000 -0.5000 0.8660 0.8660 0.4330 0.2500"  # Sequential rotation X -120°, then Y -120°
"0.5000 -0.4330 0.7500 0.8660 0.2500 -0.4330 0.0000 0.8660 0.5000"  # Sequential rotation X 60°, then Z 60°
"-0.5000 -0.4330 0.7500 0.8660 -0.2500 0.4330 0.0000 0.8660 0.5000"  # Sequential rotation X 60°, then Z 120°
"-1.0000 -0.0000 0.0000 0.0000 -0.5000 0.8660 0.0000 0.8660 0.5000"  # Sequential rotation X 60°, then Z 180°
"0.5000 0.4330 -0.7500 -0.8660 0.2500 -0.4330 0.0000 0.8660 0.5000"  # Sequential rotation X 60°, then Z -60°
"-0.5000 0.4330 -0.7500 -0.8660 -0.2500 0.4330 0.0000 0.8660 0.5000"  # Sequential rotation X 60°, then Z -120°
"0.5000 0.4330 0.7500 0.8660 -0.2500 -0.4330 0.0000 0.8660 -0.5000"  # Sequential rotation X 120°, then Z 60°
"-0.5000 0.4330 0.7500 0.8660 0.2500 0.4330 0.0000 0.8660 -0.5000"  # Sequential rotation X 120°, then Z 120°
"-1.0000 0.0000 0.0000 0.0000 0.5000 0.8660 0.0000 0.8660 -0.5000"  # Sequential rotation X 120°, then Z 180°
"0.5000 -0.4330 -0.7500 -0.8660 -0.2500 -0.4330 0.0000 0.8660 -0.5000"  # Sequential rotation X 120°, then Z -60°
"-0.5000 -0.4330 -0.7500 -0.8660 0.2500 0.4330 0.0000 0.8660 -0.5000"  # Sequential rotation X 120°, then Z -120°
"0.5000 0.8660 0.0000 0.8660 -0.5000 -0.0000 0.0000 0.0000 -1.0000"  # Sequential rotation X 180°, then Z 60°
"-0.5000 0.8660 0.0000 0.8660 0.5000 0.0000 0.0000 0.0000 -1.0000"  # Sequential rotation X 180°, then Z 120°
"-1.0000 0.0000 0.0000 0.0000 1.0000 0.0000 0.0000 0.0000 -1.0000"  # Sequential rotation X 180°, then Z 180°
"0.5000 -0.8660 -0.0000 -0.8660 -0.5000 -0.0000 0.0000 0.0000 -1.0000"  # Sequential rotation X 180°, then Z -60°
"-0.5000 -0.8660 -0.0000 -0.8660 0.5000 0.0000 0.0000 0.0000 -1.0000"  # Sequential rotation X 180°, then Z -120°
"0.5000 -0.4330 -0.7500 0.8660 0.2500 0.4330 0.0000 -0.8660 0.5000"  # Sequential rotation X -60°, then Z 60°
"-0.5000 -0.4330 -0.7500 0.8660 -0.2500 -0.4330 0.0000 -0.8660 0.5000"  # Sequential rotation X -60°, then Z 120°
"-1.0000 -0.0000 -0.0000 0.0000 -0.5000 -0.8660 0.0000 -0.8660 0.5000"  # Sequential rotation X -60°, then Z 180°
"0.5000 0.4330 0.7500 -0.8660 0.2500 0.4330 0.0000 -0.8660 0.5000"  # Sequential rotation X -60°, then Z -60°
"-0.5000 0.4330 0.7500 -0.8660 -0.2500 -0.4330 0.0000 -0.8660 0.5000"  # Sequential rotation X -60°, then Z -120°
"0.5000 0.4330 -0.7500 0.8660 -0.2500 0.4330 0.0000 -0.8660 -0.5000"  # Sequential rotation X -120°, then Z 60°
"-0.5000 0.4330 -0.7500 0.8660 0.2500 -0.4330 0.0000 -0.8660 -0.5000"  # Sequential rotation X -120°, then Z 120°
"-1.0000 0.0000 -0.0000 0.0000 0.5000 -0.8660 0.0000 -0.8660 -0.5000"  # Sequential rotation X -120°, then Z 180°
"0.5000 -0.4330 0.7500 -0.8660 -0.2500 0.4330 0.0000 -0.8660 -0.5000"  # Sequential rotation X -120°, then Z -60°
"-0.5000 -0.4330 0.7500 -0.8660 0.2500 -0.4330 0.0000 -0.8660 -0.5000"  # Sequential rotation X -120°, then Z -120°
"0.5000 0.0000 0.8660 0.7500 0.5000 -0.4330 -0.4330 0.8660 0.2500"  # Sequential rotation Y 60°, then X 60°
"0.5000 0.0000 0.8660 0.7500 -0.5000 -0.4330 0.4330 0.8660 -0.2500"  # Sequential rotation Y 60°, then X 120°
"0.5000 0.0000 0.8660 0.0000 -1.0000 -0.0000 0.8660 0.0000 -0.5000"  # Sequential rotation Y 60°, then X 180°
"0.5000 0.0000 0.8660 -0.7500 0.5000 0.4330 -0.4330 -0.8660 0.2500"  # Sequential rotation Y 60°, then X -60°
"0.5000 0.0000 0.8660 -0.7500 -0.5000 0.4330 0.4330 -0.8660 -0.2500"  # Sequential rotation Y 60°, then X -120°
"-0.5000 0.0000 0.8660 0.7500 0.5000 0.4330 -0.4330 0.8660 -0.2500"  # Sequential rotation Y 120°, then X 60°
"-0.5000 0.0000 0.8660 0.7500 -0.5000 0.4330 0.4330 0.8660 0.2500"  # Sequential rotation Y 120°, then X 120°
"-0.5000 0.0000 0.8660 0.0000 -1.0000 0.0000 0.8660 0.0000 0.5000"  # Sequential rotation Y 120°, then X 180°
"-0.5000 0.0000 0.8660 -0.7500 0.5000 -0.4330 -0.4330 -0.8660 -0.2500"  # Sequential rotation Y 120°, then X -60°
"-0.5000 0.0000 0.8660 -0.7500 -0.5000 -0.4330 0.4330 -0.8660 0.2500"  # Sequential rotation Y 120°, then X -120°
"-1.0000 0.0000 0.0000 0.0000 0.5000 0.8660 -0.0000 0.8660 -0.5000"  # Sequential rotation Y 180°, then X 60°
"-1.0000 0.0000 0.0000 0.0000 -0.5000 0.8660 0.0000 0.8660 0.5000"  # Sequential rotation Y 180°, then X 120°
"-1.0000 0.0000 0.0000 0.0000 -1.0000 0.0000 0.0000 0.0000 1.0000"  # Sequential rotation Y 180°, then X 180°
"-1.0000 0.0000 0.0000 -0.0000 0.5000 -0.8660 -0.0000 -0.8660 -0.5000"  # Sequential rotation Y 180°, then X -60°
"-1.0000 0.0000 0.0000 -0.0000 -0.5000 -0.8660 0.0000 -0.8660 0.5000"  # Sequential rotation Y 180°, then X -120°
"0.5000 0.0000 -0.8660 -0.7500 0.5000 -0.4330 0.4330 0.8660 0.2500"  # Sequential rotation Y -60°, then X 60°
"0.5000 0.0000 -0.8660 -0.7500 -0.5000 -0.4330 -0.4330 0.8660 -0.2500"  # Sequential rotation Y -60°, then X 120°
"0.5000 0.0000 -0.8660 -0.0000 -1.0000 -0.0000 -0.8660 0.0000 -0.5000"  # Sequential rotation Y -60°, then X 180°
"0.5000 0.0000 -0.8660 0.7500 0.5000 0.4330 0.4330 -0.8660 0.2500"  # Sequential rotation Y -60°, then X -60°
"0.5000 0.0000 -0.8660 0.7500 -0.5000 0.4330 -0.4330 -0.8660 -0.2500"  # Sequential rotation Y -60°, then X -120°
"-0.5000 0.0000 -0.8660 -0.7500 0.5000 0.4330 0.4330 0.8660 -0.2500"  # Sequential rotation Y -120°, then X 60°
"-0.5000 0.0000 -0.8660 -0.7500 -0.5000 0.4330 -0.4330 0.8660 0.2500"  # Sequential rotation Y -120°, then X 120°
"-0.5000 0.0000 -0.8660 -0.0000 -1.0000 0.0000 -0.8660 0.0000 0.5000"  # Sequential rotation Y -120°, then X 180°
"-0.5000 0.0000 -0.8660 0.7500 0.5000 -0.4330 0.4330 -0.8660 -0.2500"  # Sequential rotation Y -120°, then X -60°
"-0.5000 0.0000 -0.8660 0.7500 -0.5000 -0.4330 -0.4330 -0.8660 0.2500"  # Sequential rotation Y -120°, then X -120°
"0.2500 -0.8660 0.4330 0.4330 0.5000 0.7500 -0.8660 0.0000 0.5000"  # Sequential rotation Y 60°, then Z 60°
"-0.2500 -0.8660 -0.4330 0.4330 -0.5000 0.7500 -0.8660 0.0000 0.5000"  # Sequential rotation Y 60°, then Z 120°
"-0.5000 -0.0000 -0.8660 0.0000 -1.0000 0.0000 -0.8660 0.0000 0.5000"  # Sequential rotation Y 60°, then Z 180°
"0.2500 0.8660 0.4330 -0.4330 0.5000 -0.7500 -0.8660 0.0000 0.5000"  # Sequential rotation Y 60°, then Z -60°
"-0.2500 0.8660 -0.4330 -0.4330 -0.5000 -0.7500 -0.8660 0.0000 0.5000"  # Sequential rotation Y 60°, then Z -120°
"-0.2500 -0.8660 0.4330 -0.4330 0.5000 0.7500 -0.8660 0.0000 -0.5000"  # Sequential rotation Y 120°, then Z 60°
"0.2500 -0.8660 -0.4330 -0.4330 -0.5000 0.7500 -0.8660 0.0000 -0.5000"  # Sequential rotation Y 120°, then Z 120°
"0.5000 -0.0000 -0.8660 -0.0000 -1.0000 0.0000 -0.8660 0.0000 -0.5000"  # Sequential rotation Y 120°, then Z 180°
"-0.2500 0.8660 0.4330 0.4330 0.5000 -0.7500 -0.8660 0.0000 -0.5000"  # Sequential rotation Y 120°, then Z -60°
"0.2500 0.8660 -0.4330 0.4330 -0.5000 -0.7500 -0.8660 0.0000 -0.5000"  # Sequential rotation Y 120°, then Z -120°
"-0.5000 -0.8660 0.0000 -0.8660 0.5000 0.0000 -0.0000 0.0000 -1.0000"  # Sequential rotation Y 180°, then Z 60°
"0.5000 -0.8660 -0.0000 -0.8660 -0.5000 0.0000 -0.0000 0.0000 -1.0000"  # Sequential rotation Y 180°, then Z 120°
"1.0000 -0.0000 -0.0000 -0.0000 -1.0000 0.0000 -0.0000 0.0000 -1.0000"  # Sequential rotation Y 180°, then Z 180°
"-0.5000 0.8660 0.0000 0.8660 0.5000 -0.0000 -0.0000 0.0000 -1.0000"  # Sequential rotation Y 180°, then Z -60°
"0.5000 0.8660 -0.0000 0.8660 -0.5000 -0.0000 -0.0000 0.0000 -1.0000"  # Sequential rotation Y 180°, then Z -120°
"0.2500 -0.8660 -0.4330 0.4330 0.5000 -0.7500 0.8660 0.0000 0.5000"  # Sequential rotation Y -60°, then Z 60°
"-0.2500 -0.8660 0.4330 0.4330 -0.5000 -0.7500 0.8660 0.0000 0.5000"  # Sequential rotation Y -60°, then Z 120°
"-0.5000 -0.0000 0.8660 0.0000 -1.0000 -0.0000 0.8660 0.0000 0.5000"  # Sequential rotation Y -60°, then Z 180°
"0.2500 0.8660 -0.4330 -0.4330 0.5000 0.7500 0.8660 0.0000 0.5000"  # Sequential rotation Y -60°, then Z -60°
"-0.2500 0.8660 0.4330 -0.4330 -0.5000 0.7500 0.8660 0.0000 0.5000"  # Sequential rotation Y -60°, then Z -120°
"-0.2500 -0.8660 -0.4330 -0.4330 0.5000 -0.7500 0.8660 0.0000 -0.5000"  # Sequential rotation Y -120°, then Z 60°
"0.2500 -0.8660 0.4330 -0.4330 -0.5000 -0.7500 0.8660 0.0000 -0.5000"  # Sequential rotation Y -120°, then Z 120°
"0.5000 -0.0000 0.8660 -0.0000 -1.0000 -0.0000 0.8660 0.0000 -0.5000"  # Sequential rotation Y -120°, then Z 180°
"-0.2500 0.8660 -0.4330 0.4330 0.5000 0.7500 0.8660 0.0000 -0.5000"  # Sequential rotation Y -120°, then Z -60°
"0.2500 0.8660 0.4330 0.4330 -0.5000 0.7500 0.8660 0.0000 -0.5000"  # Sequential rotation Y -120°, then Z -120°
"0.5000 -0.8660 0.0000 0.4330 0.2500 -0.8660 0.7500 0.4330 0.5000"  # Sequential rotation Z 60°, then X 60°
"0.5000 -0.8660 0.0000 -0.4330 -0.2500 -0.8660 0.7500 0.4330 -0.5000"  # Sequential rotation Z 60°, then X 120°
"0.5000 -0.8660 0.0000 -0.8660 -0.5000 -0.0000 0.0000 0.0000 -1.0000"  # Sequential rotation Z 60°, then X 180°
"0.5000 -0.8660 0.0000 0.4330 0.2500 0.8660 -0.7500 -0.4330 0.5000"  # Sequential rotation Z 60°, then X -60°
"0.5000 -0.8660 0.0000 -0.4330 -0.2500 0.8660 -0.7500 -0.4330 -0.5000"  # Sequential rotation Z 60°, then X -120°
"-0.5000 -0.8660 0.0000 0.4330 -0.2500 -0.8660 0.7500 -0.4330 0.5000"  # Sequential rotation Z 120°, then X 60°
"-0.5000 -0.8660 0.0000 -0.4330 0.2500 -0.8660 0.7500 -0.4330 -0.5000"  # Sequential rotation Z 120°, then X 120°
"-0.5000 -0.8660 0.0000 -0.8660 0.5000 -0.0000 0.0000 -0.0000 -1.0000"  # Sequential rotation Z 120°, then X 180°
"-0.5000 -0.8660 0.0000 0.4330 -0.2500 0.8660 -0.7500 0.4330 0.5000"  # Sequential rotation Z 120°, then X -60°
"-0.5000 -0.8660 0.0000 -0.4330 0.2500 0.8660 -0.7500 0.4330 -0.5000"  # Sequential rotation Z 120°, then X -120°
"-1.0000 -0.0000 0.0000 0.0000 -0.5000 -0.8660 0.0000 -0.8660 0.5000"  # Sequential rotation Z 180°, then X 60°
"-1.0000 -0.0000 0.0000 -0.0000 0.5000 -0.8660 0.0000 -0.8660 -0.5000"  # Sequential rotation Z 180°, then X 120°
"-1.0000 -0.0000 0.0000 -0.0000 1.0000 -0.0000 0.0000 -0.0000 -1.0000"  # Sequential rotation Z 180°, then X 180°
"-1.0000 -0.0000 0.0000 0.0000 -0.5000 0.8660 -0.0000 0.8660 0.5000"  # Sequential rotation Z 180°, then X -60°
"-1.0000 -0.0000 0.0000 -0.0000 0.5000 0.8660 -0.0000 0.8660 -0.5000"  # Sequential rotation Z 180°, then X -120°
"0.5000 0.8660 0.0000 -0.4330 0.2500 -0.8660 -0.7500 0.4330 0.5000"  # Sequential rotation Z -60°, then X 60°
"0.5000 0.8660 0.0000 0.4330 -0.2500 -0.8660 -0.7500 0.4330 -0.5000"  # Sequential rotation Z -60°, then X 120°
"0.5000 0.8660 0.0000 0.8660 -0.5000 -0.0000 -0.0000 0.0000 -1.0000"  # Sequential rotation Z -60°, then X 180°
"0.5000 0.8660 0.0000 -0.4330 0.2500 0.8660 0.7500 -0.4330 0.5000"  # Sequential rotation Z -60°, then X -60°
"0.5000 0.8660 0.0000 0.4330 -0.2500 0.8660 0.7500 -0.4330 -0.5000"  # Sequential rotation Z -60°, then X -120°
"-0.5000 0.8660 0.0000 -0.4330 -0.2500 -0.8660 -0.7500 -0.4330 0.5000"  # Sequential rotation Z -120°, then X 60°
"-0.5000 0.8660 0.0000 0.4330 0.2500 -0.8660 -0.7500 -0.4330 -0.5000"  # Sequential rotation Z -120°, then X 120°
"-0.5000 0.8660 0.0000 0.8660 0.5000 -0.0000 -0.0000 -0.0000 -1.0000"  # Sequential rotation Z -120°, then X 180°
"-0.5000 0.8660 0.0000 -0.4330 -0.2500 0.8660 0.7500 0.4330 0.5000"  # Sequential rotation Z -120°, then X -60°
"-0.5000 0.8660 0.0000 0.4330 0.2500 0.8660 0.7500 0.4330 -0.5000"  # Sequential rotation Z -120°, then X -120°
"0.2500 -0.4330 0.8660 0.8660 0.5000 0.0000 -0.4330 0.7500 0.5000"  # Sequential rotation Z 60°, then Y 60°
"-0.2500 0.4330 0.8660 0.8660 0.5000 0.0000 -0.4330 0.7500 -0.5000"  # Sequential rotation Z 60°, then Y 120°
"-0.5000 0.8660 0.0000 0.8660 0.5000 0.0000 -0.0000 0.0000 -1.0000"  # Sequential rotation Z 60°, then Y 180°
"0.2500 -0.4330 -0.8660 0.8660 0.5000 0.0000 0.4330 -0.7500 0.5000"  # Sequential rotation Z 60°, then Y -60°
"-0.2500 0.4330 -0.8660 0.8660 0.5000 0.0000 0.4330 -0.7500 -0.5000"  # Sequential rotation Z 60°, then Y -120°
"-0.2500 -0.4330 0.8660 0.8660 -0.5000 0.0000 0.4330 0.7500 0.5000"  # Sequential rotation Z 120°, then Y 60°
"0.2500 0.4330 0.8660 0.8660 -0.5000 0.0000 0.4330 0.7500 -0.5000"  # Sequential rotation Z 120°, then Y 120°
"0.5000 0.8660 0.0000 0.8660 -0.5000 0.0000 0.0000 0.0000 -1.0000"  # Sequential rotation Z 120°, then Y 180°
"-0.2500 -0.4330 -0.8660 0.8660 -0.5000 0.0000 -0.4330 -0.7500 0.5000"  # Sequential rotation Z 120°, then Y -60°
"0.2500 0.4330 -0.8660 0.8660 -0.5000 0.0000 -0.4330 -0.7500 -0.5000"  # Sequential rotation Z 120°, then Y -120°
"-0.5000 -0.0000 0.8660 0.0000 -1.0000 0.0000 0.8660 0.0000 0.5000"  # Sequential rotation Z 180°, then Y 60°
"0.5000 0.0000 0.8660 0.0000 -1.0000 0.0000 0.8660 0.0000 -0.5000"  # Sequential rotation Z 180°, then Y 120°
"1.0000 0.0000 0.0000 0.0000 -1.0000 0.0000 0.0000 0.0000 -1.0000"  # Sequential rotation Z 180°, then Y 180°
"-0.5000 -0.0000 -0.8660 0.0000 -1.0000 0.0000 -0.8660 -0.0000 0.5000"  # Sequential rotation Z 180°, then Y -60°
"0.5000 0.0000 -0.8660 0.0000 -1.0000 0.0000 -0.8660 -0.0000 -0.5000"  # Sequential rotation Z 180°, then Y -120°
"0.2500 0.4330 0.8660 -0.8660 0.5000 0.0000 -0.4330 -0.7500 0.5000"  # Sequential rotation Z -60°, then Y 60°
"-0.2500 -0.4330 0.8660 -0.8660 0.5000 0.0000 -0.4330 -0.7500 -0.5000"  # Sequential rotation Z -60°, then Y 120°
"-0.5000 -0.8660 0.0000 -0.8660 0.5000 0.0000 -0.0000 -0.0000 -1.0000"  # Sequential rotation Z -60°, then Y 180°
"0.2500 0.4330 -0.8660 -0.8660 0.5000 0.0000 0.4330 0.7500 0.5000"  # Sequential rotation Z -60°, then Y -60°
"-0.2500 -0.4330 -0.8660 -0.8660 0.5000 0.0000 0.4330 0.7500 -0.5000"  # Sequential rotation Z -60°, then Y -120°
"-0.2500 0.4330 0.8660 -0.8660 -0.5000 0.0000 0.4330 -0.7500 0.5000"  # Sequential rotation Z -120°, then Y 60°
"0.2500 -0.4330 0.8660 -0.8660 -0.5000 0.0000 0.4330 -0.7500 -0.5000"  # Sequential rotation Z -120°, then Y 120°
"0.5000 -0.8660 0.0000 -0.8660 -0.5000 0.0000 0.0000 -0.0000 -1.0000"  # Sequential rotation Z -120°, then Y 180°
"-0.2500 0.4330 -0.8660 -0.8660 -0.5000 0.0000 -0.4330 0.7500 0.5000"  # Sequential rotation Z -120°, then Y -60°
"0.2500 -0.4330 -0.8660 -0.8660 -0.5000 0.0000 -0.4330 0.7500 -0.5000"  # Sequential rotation Z -120°, then Y -120°
